20.3736614,1.5212796282863565e-5,1.1880721945885325e-6,0.09365561139125614,14.208779399,1.921805298113211e-6,2.7119563886762244e-8,0.11021275538849253
8.939594199,6.311616659222085e-8,1.7978173365095095e-6,0.0907302154348288,12.321088701,1.073121170134375e-5,3.5875185314827847e-7,0.10626495860954623
7.9852882,2.1492375939166485e-6,5.248192587877821e-8,0.0909681771516438,10.977945399,4.763260742155299e-5,9.811193677156563e-7,0.09485356827270731
8.3810004,1.0343288564930446e-5,3.909271943769347e-7,0.09747173675359516,14.0272711,6.012140432910849e-8,6.247114682231804e-8,0.10175019570077554
7.829957799,7.087508289961465e-5,1.8991337857234348e-6,0.10265853892600305,9.9692786,1.0431978115230065e-5,8.222691986917903e-8,0.10954978925866815
7.1301874,0.00010807861675152311,1.042228701956172e-5,0.1075050912645413,10.2052042,2.356431295472785e-5,1.871369622929168e-6,0.09059080536393663
11.2061072,7.327483885237302e-5,1.1690311374416992e-6,0.08727208867894956,15.761479499,1.2031990264295002e-5,4.904399952417586e-6,0.09671046666218046
12.138195399,3.706053353969521e-5,3.613568458306989e-10,0.08856115082123307,12.8638127,4.888055022573675e-10,1.1530381814754617e-6,0.1069179247393706
9.2985101,9.098642723974398e-6,2.7952517587032104e-7,0.0975469714011885,13.8411279,5.227749832639361e-6,1.985526032888884e-7,0.10561399247972184
10.856883399,1.180570435625187e-5,1.4731525097411328e-6,0.0844301161735393,12.738874399,1.8129055166836857e-5,5.035093961698269e-8,0.09362563601305854
7.020045401,2.758435952352929e-5,4.093930670967604e-8,0.09421822018398428,10.301650101,4.059868801409989e-5,3.7289691713301996e-7,0.1115446876481413
7.2587366,2.27761828920242e-6,1.7873193748981713e-7,0.09261845997341552,10.2957135,0.00018445045801072146,6.785648129194957e-8,0.11832434894638513
7.073567399,1.6987048117345655e-8,1.8304196101173635e-7,0.0939660308258207,10.2348416,3.6309987211222935e-11,1.328801045788439e-7,0.10238916183059991
7.161082101,6.119360880754472e-5,8.986391390990145e-6,0.09876562556237771,10.5398263,2.9539609056832506e-6,9.19581669310222e-8,0.09795839892182923
7.249940999,3.337748030026673e-5,2.0099720988311157e-7,0.08542229347917452,10.461073599,2.0336853575864466e-5,2.0781952085066957e-7,0.10047826344112677
7.4534065,2.817510553789871e-5,1.0605807160169724e-5,0.09409292104186413,10.1154835,6.5860691746222005e-6,5.7555430748628835e-8,0.10822985699901938
6.9020932,0.0001454705056184174,5.124796158044563e-6,0.08741373227204381,10.0829782,0.0004916696314609697,9.457597073776393e-6,0.1383714005814679
8.5366586,8.061458916262538e-6,2.030133804501341e-7,0.09743982456797959,21.413798899,3.630126490406185e-7,2.7823177990885483e-7,0.10238916183059991
8.189519399,3.4193823886150762e-6,3.185742690918129e-7,0.08736609420085735,10.3253269,3.316719757266633e-5,7.866082780954624e-7,0.10954978925866815
7.183213199,3.253346567601838e-6,9.359501103065539e-8,0.0941156804713298,9.842017101,5.821265157528576e-5,2.3611315589352873e-7,0.11763738281656075
7.208262501,0.0001438514981048021,6.84426293451671e-6,0.11883310941704611,9.8416429,2.1739795937973448e-5,2.0136493580461677e-6,0.10111322957095115
7.296902699,1.8093637938288716e-5,1.3102149020512201e-6,0.09537628427228875,10.8534468,1.9529784571843977e-7,9.194102214788119e-7,0.10238916183059991
7.229151301,7.543576025168828e-6,4.984809350038083e-7,0.09505622129063401,9.803197899,4.928521245813812e-5,1.0823621187935424e-6,0.11087772151831692
7.003555699,3.7808201183231806e-6,8.551147877634841e-8,0.10331170459762837,10.0908195,6.605497874243062e-5,2.565149832331153e-6,0.11832434894638513
7.1616421,1.488848547785506e-5,1.2343936270505133e-6,0.10767207429399013,10.085350899,2.2083258769507017e-6,2.7177432033534032e-8,0.09858536505165362
7.050536,0.00013405611059637295,3.284148033056549e-6,0.11405403537004505,9.970881001,4.7333307518515436e-5,7.064571813644896e-6,0.09059080536393663
7.1413192,1.1200021800165728e-6,2.9480583869054704e-6,0.09327646895114977,10.4073856,2.578663640666252e-8,3.4516083400335164e-9,0.09984529731130239
7.063514101,5.425470757119744e-5,6.026520689591952e-7,0.08595700244504542,9.875632501,0.00013031700179433307,1.7507639368792044e-6,0.08701500858499032
7.073138801,7.156387061436639e-5,9.49519416829225e-7,0.10659313940519206,9.8484887,0.00011284807651656605,2.2518300341764812e-7,0.11490951829726322
6.8804044,3.499005400854018e-5,6.180710159987398e-7,0.10271098521954333,10.036488899,1.0562483697639396e-6,9.203356181622097e-8,0.10047826344112677
6.8172815,3.998456760420077e-6,2.795907657047104e-7,0.09462182708572597,9.7241844,1.8425926116042572e-5,7.255590539590104e-7,0.11832434894638513
6.992989501,6.594092812104742e-5,5.384811323160111e-6,0.10380254428811925,10.6970505,2.1881348111033563e-6,2.5210883311311373e-7,0.09671046666218046
7.082549801,1.8497858695095633e-5,1.0991817856181275e-6,0.09330810742729385,9.9086816,1.0485489521717555e-6,3.2047006067437917e-7,0.10111322957095115
7.008936399,5.494093545221855e-7,5.965440734084282e-9,0.09930266746591954,10.007524399,6.181086373750454e-7,2.227091717227456e-6,0.10111322957095115
7.426223299,6.598080478218109e-6,1.033369933870939e-6,0.09255515058198178,10.079807899,1.5504186176134912e-6,1.5781076334499516e-6,0.107572890869195
7.3007008,3.473527775197978e-5,5.074015423676082e-9,0.08855538336427322,10.5108246,3.863277032610798e-5,3.2445814132621776e-7,0.08819894084463908
7.333391499,4.798195774377076e-7,8.91703459384404e-7,0.08997028886184934,11.205867001,8.33751674454859e-5,6.902285218075869e-7,0.11490951829726322
7.023871801,6.8975322825622855e-6,1.8091892085437983e-7,0.09321365821040657,10.144338501,7.20832882123018e-5,3.7478146139478765e-8,0.09240570375340977
7.0244349,2.421113731016213e-5,1.3950773531881967e-8,0.09671880844133929,10.0170659,2.4077543096097103e-5,3.434436848429362e-6,0.11423255216743883
6.9503851,4.665346915814402e-5,1.8834063490057754e-6,0.09644143299322844,9.8945733,1.388629501134917e-5,3.016678619353878e-6,0.1155884844270876
6.8689961,4.518045673726196e-6,6.495131915058728e-8,0.08168088379011255,9.917313001,1.1532467232094098e-5,1.2579763578965067e-7,0.09795839892182923
7.171008099,6.832110708627577e-5,1.4890424544773578e-7,0.09147351840973673,10.506921399,4.218348639570898e-5,8.869587998166393e-6,0.09119377149376101
7.069079699,2.2396987770605646e-5,3.2109230792277553e-6,0.09135678870560836,9.850130899,1.0307696268796531e-5,3.7337003741838043e-6,0.1115446876481413
7.032864801,3.5100784250612295e-6,1.9879208728698405e-6,0.09779258556822223,10.0463011,1.2052389928502844e-6,1.800473951763896e-6,0.10561399247972184
7.077335801,3.375342288686178e-5,8.068836755440073e-7,0.104816481039938,10.0230709,1.9076180965443395e-6,1.5445359138495325e-6,0.10561399247972184
6.9982716,1.5750952266201338e-5,1.3931300917246389e-6,0.10249327200656613,9.869967501,7.345209559529473e-6,6.436255477653022e-7,0.09362563601305854
9.095530401,3.484656628752504e-5,1.1020868117337698e-5,0.09802901345028486,13.6572209,3.9167597315397705e-5,3.882508364879424e-6,0.11626945055691199
7.497364001,1.563891579124543e-5,6.713786998495855e-11,0.09656548939660012,10.8758992,4.050565115902441e-5,4.536409519278561e-6,0.10111322957095115
7.6567963,7.153538347076015e-6,7.413037117806924e-6,0.10335190535479588,11.6701055,1.7704744613023664e-8,1.5922023373440164e-6,0.09858536505165362
7.020572901,5.221156092066234e-5,1.2576529272310054e-6,0.08954022855527885,10.14622,6.793807666924073e-5,1.900961628362499e-6,0.11087772151831692
6.888099801,4.327381167284441e-6,5.073736392889827e-8,0.10327615239899417,10.052664001,1.0883783306605894e-5,1.36320587786429e-7,0.10626495860954623
7.072758599,1.5339677658578683e-6,1.206688794826045e-7,0.0986816584385112,10.354372999,1.3639548356936757e-6,2.9577923801222875e-8,0.10175019570077554
7.0251928,8.15162840568795e-8,4.312804820821208e-6,0.0981027825402421,9.914560701,2.2176137573255952e-6,1.0432287731896197e-6,0.10047826344112677
6.936824799,1.0703834777489613e-5,1.3654518195618506e-8,0.10215297398250252,10.002722499,0.00014337590392671161,9.822596078987644e-7,0.09362563601305854
7.888155601,1.4652247867084828e-5,3.1271639929120835e-6,0.0875943157032924,11.630184301,1.2374600774277335e-5,2.579708617413903e-7,0.09240570375340977
7.1777756,7.574159321125098e-7,7.215616621791256e-6,0.1029602162720182,11.244100099,3.822244173128238e-5,2.4178608195516117e-8,0.09733343279200485
8.012503899,3.6441037801075034e-5,7.713636777313347e-6,0.07704043106024867,10.824727901,2.8980490468430495e-5,4.857535432644995e-7,0.1069179247393706
7.492742,4.327890622134351e-6,1.7520743450497479e-7,0.09230572713359088,10.4243528,9.181154972623412e-7,8.432518575934688e-8,0.09858536505165362
6.9873329,1.1808533739609016e-5,7.970245768854122e-9,0.09821067815446935,9.977317901,5.4555683393869e-6,5.362250694536426e-7,0.10111322957095115
7.335715,0.00014821354239811529,3.373742611733219e-9,0.07518787201324152,10.144202,7.993129164484959e-5,2.8948018065207136e-7,0.08701500858499032
7.4660119,4.313922954406743e-5,3.7837862419391254e-7,0.08686532654749057,11.577029499,9.372175833036765e-5,3.360755492653589e-7,0.0954705344025317
9.485974901,6.407804044368428e-5,3.858458421559558e-8,0.08044514369295186,13.097096999,3.729051615567868e-5,2.261077970459227e-7,0.10238916183059991
11.363367299,4.271743994047461e-6,3.1264746364185504e-7,0.09042586066204308,12.556060299,1.660043014640927e-5,7.253780098721391e-8,0.10367309409024869
7.002047199,6.354150056749794e-5,4.50985587234896e-6,0.08645898826279588,10.038875899,2.2769175589941216e-5,6.0157574198459105e-6,0.10888882312884376
7.250494601,8.698083199640903e-5,2.0161299512042665e-7,0.08028676852289086,9.9470359,7.741889246830336e-5,9.84478367968386e-7,0.10954978925866815
6.8801021,3.174092864408737e-5,3.59276721079891e-6,0.10139140044756102,9.8305401,0.00012306005189777585,4.431832121499366e-9,0.1155884844270876
7.078329999,2.93200588470968e-7,6.120761343973106e-6,0.09316064599791413,10.4640074,1.3304408889690388e-5,2.668579423774337e-7,0.10561399247972184
7.376171799,5.7661776695802626e-5,4.308540215478532e-7,0.08894954978646936,9.920967701,0.00011407748548087471,3.61004356284092e-6,0.0840901779358684
7.1639557,0.00010365232366439797,9.267614226678263e-7,0.09070041566801482,10.032890401,1.1466093720615828e-6,4.934572440701724e-9,0.10626495860954623
7.0808879,3.3207772610538266e-5,6.278578326156901e-6,0.11421405665657273,10.176566101,3.774547979751222e-8,1.4065571034023116e-7,0.10561399247972184
7.1373533,2.1534125249788843e-6,1.8534694609155275e-6,0.09325979929582802,10.1578782,1.4023256146894034e-7,2.485195802750371e-9,0.10238916183059991
7.3338546,1.9813145719292506e-6,1.9011047158450843e-6,0.08969785345507252,10.6391758,2.050963124850023e-8,1.744904886003384e-6,0.10367309409024869
7.1017999,8.898411545608802e-6,5.400309255923926e-6,0.10814429946510909,9.921716499,2.4172746296711876e-5,1.1032690752328149e-6,0.10626495860954623
7.0006114,0.0002903705589548138,5.231316849805684e-6,0.12422882790883835,9.883106501,5.273422107822523e-5,2.1482884070104217e-6,0.099214331181478
7.0258642,1.1204778780514865e-5,2.714573755586812e-7,0.09133009036218387,9.963730101,2.8195572975371494e-6,3.0690339227716887e-7,0.10303012796042431
6.926670201,0.00020942635524619758,6.628712171974979e-6,0.11450589685686333,9.891158699,4.4227366330675394e-7,1.3790590880787668e-8,0.09984529731130239
7.101418701,6.0135568009053644e-5,4.165600394240509e-6,0.08476999241463742,10.998296999,1.510163128034556e-6,1.8277342891777063e-6,0.09423860214288293
7.041709301,2.0019397916012473e-5,1.7058857140118763e-8,0.08395947439530974,10.059918101,1.3870755495526023e-6,1.2346235261993543e-6,0.10111322957095115
6.995274901,6.520333169324308e-6,4.6351866952944135e-8,0.09056181122414463,10.165079699,2.452435332242213e-5,5.647715576912814e-8,0.11021275538849253
7.056447101,0.0003331514677024416,1.9604501436492467e-6,0.11497645617354396,10.0893558,1.3806656828980129e-6,2.234301146122578e-7,0.09984529731130239
7.060305101,2.738882795808801e-5,7.252737724196616e-8,0.08266774413343145,10.102947901,6.090480669109003e-5,1.356945260500429e-6,0.11763738281656075
7.3639378,6.182727109283856e-6,1.4782565267376518e-5,0.09951881895271587,11.138992299,0.00010827668773898774,8.549029374372833e-6,0.0954705344025317
7.0565504,1.8433498851551645e-5,1.9056603562870239e-6,0.09335884230169378,10.134004001,2.0922773444051009e-7,7.88409868212145e-7,0.10047826344112677
7.006017901,6.103557507555442e-5,4.345948770314669e-7,0.10844804253688718,10.245281601,1.0753553334301108e-6,3.521506610022066e-8,0.10626495860954623
6.990118401,3.083520227436323e-5,9.13143273215416e-9,0.10460551235616497,9.9740292,2.4840807696832854e-5,1.146846727371765e-6,0.09301466988323416
6.9429002,0.00015796339777527412,2.1866258329299325e-6,0.07717432670436294,10.0231704,1.2075636986898297e-7,3.9080742503115655e-8,0.09240570375340977
7.138260701,0.00012843113013339422,1.901231451382013e-6,0.07529851422015787,10.9161292,8.258284482309161e-5,3.583942276220673e-7,0.09119377149376101
7.086772299,1.8568634938969026e-5,1.277785782481459e-6,0.08268763994952774,10.057929799,6.256293809173333e-8,5.951585996597974e-6,0.10238916183059991
7.099568899,3.995334774744659e-6,1.579323007294129e-7,0.09521670010342166,10.0445826,3.1669605735125285e-5,1.4466798420743204e-6,0.09858536505165362
7.017680501,0.00011280119336828047,2.2189760622659087e-6,0.10622904430743162,10.0513516,2.6025749983334976e-5,1.4543123496218078e-11,0.10111322957095115
7.187930999,3.0080567891199286e-5,2.139414329456609e-7,0.08679071112125986,10.9836145,1.0279107967054011e-6,8.269255679375997e-7,0.10303012796042431
7.047736699,4.172211104828702e-5,3.218502372995746e-8,0.07937832782068246,10.109778501,9.131433322475025e-6,1.2738769653506726e-7,0.10175019570077554
7.0434776,2.2231093331332237e-5,8.07034451316446e-7,0.0755669810193256,9.989280301,7.84764611176558e-5,2.0021836591791304e-7,0.11288461990779007
7.035430501,2.4721557512536993e-7,2.749096239559242e-10,0.10004380381396989,10.2919479,3.2602331288238167e-9,2.816530439909168e-7,0.11087772151831692
6.9883965,2.246249142961311e-5,2.5210047148869037e-7,0.08901582894195037,9.9377196,2.619975851381751e-5,5.9440682235988925e-8,0.10303012796042431
7.2067212,2.5196296283884123e-5,3.4698089001950474e-6,0.09121947289729262,10.780593,0.00011266935553727391,5.807015876539142e-6,0.12039724733585828
7.289552601,5.835292746698711e-5,1.8699773004098402e-5,0.1001466634210802,10.240761701,6.552542309261373e-5,2.3149626290671266e-7,0.12039724733585828
7.1423767,3.269122412857197e-5,3.3140000980353224e-7,0.08682656666874533,10.125714,1.354021586837654e-6,5.978293085603248e-7,0.10496502634989746
6.977398801,8.821765471779425e-5,4.2359104664692886e-7,0.08263905564582344,10.049399799,0.00023485260801424767,1.3709081789856587e-6,0.07839051663762456
6.931583,1.5497894191345535e-5,2.1363102294561087e-7,0.08698059394339205,10.0160813,1.9366551164313456e-5,2.2325200418886503e-7,0.09362563601305854
