8.2350872,2.291490467570199e-9,2.246995280294919e-6,0.11119169216798032,11.4000239,1.5712142381898675e-5,6.087105028232337e-8,0.097112171114009
8.4244911,8.764268571366804e-6,1.059878478430992e-6,0.0959367455360058,12.83892,4.5633994601954434e-5,4.066802616702919e-6,0.11264632749260983
7.124072401,1.9651150783445234e-5,5.562503562409907e-7,0.08832590946501227,7.825380299,2.090096672482723e-6,1.727645319350492e-6,0.10603376233485948
5.0441127,1.8041066382263852e-6,2.7294076879415346e-7,0.10219620433362883,8.268482,1.96514298032249e-6,9.148434614487137e-8,0.10344473627175935
5.9125204,5.187887354486016e-5,4.9474435001142085e-8,0.09252310493417022,7.4035439,1.4810247715415283e-6,2.4974471145366166e-6,0.10216222324020927
5.0617953,1.4999347289980793e-5,5.663695541186311e-7,0.09255233531810222,7.6444067,7.3831925097225374e-6,3.33327130550221e-6,0.10668601885063451
5.2602269,6.709587827153169e-6,3.211510486270305e-8,0.10370559168834897,7.6253977,5.804453120886843e-6,7.941907592859624e-7,0.10799653188218458
5.158649,2.017485937835399e-5,1.4781527824947895e-6,0.0973552166690853,8.7373234,4.797878192838389e-5,9.008173231649697e-7,0.097112171114009
5.5192999,3.946233625668838e-9,2.2224567910674173e-7,0.11003369909357234,7.078229201,2.2071045735912446e-5,1.0471558726405394e-6,0.09340863201935878
5.067291401,2.697555696581484e-5,8.261550167930127e-10,0.08659351005576267,8.6607594,0.00016147396402065134,1.4403510102698393e-7,0.09402088853513381
5.157164701,5.262655613210271e-5,5.406435301603405e-6,0.10735106373521809,7.3450952,1.665716071191105e-5,1.1204406499835279e-7,0.09773642762978403
4.983374699,1.783249556967989e-5,2.331221908648525e-9,0.09945120891545939,7.175604199,1.4137074149755702e-7,1.401186706586863e-7,0.10216222324020927
4.9244629,1.0958528674342312e-6,1.1110971596353958e-6,0.10340932800715111,7.1302393,3.878715846908712e-5,2.0643744071736016e-6,0.11670986658726004
4.8765336,5.287612975272609e-6,3.6219173680223326e-7,0.09017900496775103,7.184083599,1.0129285847645449e-6,4.484217017962424e-6,0.10408899278753438
5.0339232,9.000480916866938e-7,1.7818330909394167e-6,0.10928358484608308,7.2151532,7.149391259664548e-5,6.846044632021316e-7,0.09463514505090885
5.0924678,1.4530270565100383e-6,2.8049539926363295e-6,0.09958483409215683,7.1649956,2.969422437358039e-9,4.681300568005766e-7,0.10216222324020927
4.9873949,3.891352074282399e-5,4.538544625884058e-8,0.09895603266576686,7.0866198,2.274714806307873e-6,7.659386946993824e-7,0.10603376233485948
4.9808064,2.057965195252971e-5,1.2963387729795115e-6,0.0906625783955123,7.311808801,1.3637141437939352e-5,3.6769646163809866e-6,0.10473524930330941
5.0295386,7.8265343020908e-6,1.6048796404925263e-6,0.11228979672663453,7.3839891,2.3471956148729686e-5,5.189553669339675e-6,0.10216222324020927
4.934257599,8.272451463563302e-6,1.1586287522317306e-6,0.10373817342370951,7.1658251,4.49166817078414e-5,7.136037165888789e-8,0.10734027536640955
5.074814501,6.268257178906535e-5,1.288825186507533e-6,0.10700209909856537,7.039550799,2.7594820829942916e-5,3.13200658915656e-6,0.11331858400838488
4.8214536,2.0157132378677057e-6,1.9594866112730354e-6,0.10438037286989135,7.316042199,1.0386563356831406e-5,7.807224001300878e-7,0.10408899278753438
5.026666201,1.9022382644129034e-5,8.69969800228549e-8,0.09696074751654755,6.970249301,3.624550659654378e-6,2.5822551159487275e-7,0.10734027536640955
4.9995926,3.207749679481118e-5,1.479726346045353e-8,0.0914735847147024,7.159180899,7.787193070353129e-5,8.644846310945288e-6,0.0903773494404836
5.509506299,2.390139109922181e-5,5.685282291661374e-7,0.10604066172785136,7.417171199,8.352667132651968e-5,1.8013824745088402e-6,0.10997730142950969
4.852467299,6.955401386793378e-5,6.24348452499592e-8,0.09050732972972968,7.3990797,0.00022299001965506417,1.0638800192706815e-5,0.12505294477656048
5.032626201,2.577567301860465e-5,7.014211055860107e-7,0.09609346605972481,6.8221127,4.5017832493036786e-5,8.492880183870187e-7,0.09962119717710913
4.982422301,1.2880048533953782e-7,1.5033547065403375e-6,0.10131639137775728,7.212342899,5.821222482748684e-5,3.9741357375155497e-7,0.11876863613458515
5.2489747,0.00013645156211605956,5.259108078242759e-6,0.12165546585450768,7.5594016,7.866931511824117e-5,2.4675703192051254e-6,0.09836268414555906
4.8284766,1.3762298024536139e-5,6.990064783728126e-8,0.09511046961064107,7.604662501,2.9038994912162484e-5,1.4538787327339324e-7,0.0989909406613341
5.8234925,3.139273166853685e-6,1.211027737467897e-6,0.10661720012864474,6.8347683,2.483696530037607e-8,9.114961837391142e-7,0.10668601885063451
4.918134699,0.0001375701315101681,1.3075938445095502e-7,0.08657544474177792,7.3924637,1.7744018562604684e-6,3.848888236459582e-7,0.10025345369288416
4.8736011,1.2320647795484755e-5,5.3585287417456715e-6,0.11832772032082246,7.005563501,0.00016760320630296248,4.4283362842245973e-7,0.12084540568191025
4.986786099,8.462155329323381e-6,1.0936995117604645e-6,0.10532587695036887,7.3604872,4.065693072720334e-6,8.152968209502872e-7,0.10538350581908444
5.1819773,2.1522407664727752e-5,1.5828227590226162e-6,0.0976945355142232,6.8738603,2.9866170864475094e-6,1.7180569544432037e-7,0.1028024797559843
5.002779499,2.0762531153731633e-7,1.4997173567696343e-7,0.1018298999553913,7.088399799,0.00031441674924232105,2.2557639696219417e-6,0.13441627948163593
4.965922101,1.9751513756726578e-5,6.824618609980867e-8,0.09856278201153076,6.9592478,6.919533573287684e-6,1.1974967045497863e-7,0.11064155794528473
4.879867099,3.2658992864297605e-5,8.188888420503494e-10,0.09346280160748895,7.4167575,2.316193272842419e-5,4.983121850598416e-8,0.10799653188218458
5.2909141,0.00011224172469767035,1.1531841564710714e-6,0.09017503086523991,6.926886399,1.1958644700475203e-5,2.4990844766130654e-7,0.10668601885063451
5.071249999,3.1806601251055935e-5,7.448810544017894e-9,0.09841046489594292,7.1459321,2.6644569361402692e-6,4.3073890859911824e-6,0.11399284052415991
5.0540006,2.016369627042041e-6,8.144083117745356e-7,0.10000414204440546,6.935212,7.191523053836565e-6,2.9533092601862536e-7,0.1194588926503602
4.8554384,1.4731575302339027e-5,3.439012334922054e-13,0.09009821602106462,7.200569,0.0002001583300683373,2.5090801803681548e-6,0.08330627125118319
5.0387077,3.934742357585665e-5,5.663242907433373e-10,0.09499929401005738,7.1009381,2.4017926106672955e-5,2.0648529020335687e-6,0.1008877102086592
4.937881301,1.7495330980488193e-5,1.0257228040796883e-6,0.09945125554666018,7.3306629,3.254702591920059e-5,1.9131572594454544e-7,0.10344473627175935
5.043524001,6.057392010277241e-5,3.7575489569785e-7,0.09415014617569355,6.8694806,2.5077092725985748e-5,3.100270720807984e-6,0.11876863613458515
4.966842399,8.023754200486829e-6,1.9916706334889976e-6,0.09453837373318748,7.164514299,2.1685102528546718e-5,4.207963861739464e-7,0.11602761007148502
4.925739301,1.601443330019937e-5,5.0943360578456936e-11,0.1047662853608347,7.033977701,4.637407177598293e-5,3.3181766348575306e-6,0.12015114916613522
5.026216901,1.3276225068031294e-5,2.6380211004600993e-7,0.0999615344634299,7.250790299,3.4647519122074137e-6,3.905463353967958e-6,0.10152396672443424
4.944477901,3.5957367309614285e-5,2.2266433008146558e-7,0.10399548494292747,6.9710576,3.081145600895388e-7,5.615177377991167e-7,0.0989909406613341
4.9047705,1.1899335019332824e-6,1.2170769130451701e-6,0.10943891344838903,7.1063641,0.00018457038535674307,1.5456028194363156e-6,0.08504704079850829
4.9455567,3.2420017090772386e-6,2.15409602317938e-9,0.09993221393930259,6.931209401,7.092401510718013e-6,1.8893444014939506e-7,0.10408899278753438
5.0084719,1.4255802543960105e-6,1.9960175714926115e-9,0.10729137283420052,7.1644018,2.88942239735891e-7,5.348330685462872e-7,0.09773642762978403
5.0237738,0.00017549572288631373,2.1475423607174747e-6,0.0904458331223698,7.011140599,9.332052457938568e-6,3.655286404465219e-7,0.10216222324020927
4.860187,1.1525427336944974e-8,3.235903575540256e-7,0.09948987281958999,7.4245735,0.0001857466506676897,4.171582909349169e-6,0.1215416621976853
4.9478863,2.121725929197958e-6,9.769790315150788e-7,0.09603253109083588,6.9252109,1.5223931410027247e-5,1.2397428478891097e-7,0.1028024797559843
4.9261057,3.988266957177991e-6,9.004699888895379e-8,0.09911758110899595,7.1520756,4.4128561707006566e-5,4.814157258554837e-7,0.09962119717710913
5.0086834,2.1294244011173148e-5,2.99387895139429e-6,0.11197128150402783,6.791185399,0.00013824245523782723,6.862881385942969e-7,0.12294017522923537
5.371565699,1.457157992141275e-6,1.945609996765305e-6,0.10302243714049251,7.2401047,4.0842537278860365e-5,3.497031854002938e-7,0.1119760709768348
4.998484901,1.3368658073231249e-6,1.1727716081794136e-7,0.1003281810866256,6.934086101,7.116845628254122e-6,2.0965962943955897e-6,0.09463514505090885
4.825337099,2.0217423790184175e-5,1.6705632054284932e-6,0.09215516528015444,7.1178197,3.5573057234202485e-5,5.559101791807332e-9,0.09219011898780871
5.013767999,1.4566296118780933e-6,1.6603668934479188e-7,0.10475440542129627,6.843308999,7.809535257067917e-6,8.44959786921074e-7,0.10344473627175935
4.9316032,0.00013811614277461836,6.816461869612795e-7,0.09115117253839859,7.4381475,6.392813164578035e-5,1.5140725412612907e-6,0.0903773494404836
4.9187531,4.393471323560018e-6,1.0231562201882169e-6,0.10361967106826503,6.922166601,4.8951009307367925e-5,6.348147305517528e-8,0.11264632749260983
5.0231675,1.6386803894806932e-5,1.7998562549696027e-6,0.10660305442838257,7.348746801,4.907800387447959e-6,1.403735518166759e-6,0.10799653188218458
5.005553299,9.545159479665955e-5,3.900852136816026e-7,0.08980319866751055,9.6168159,6.245240683225826e-5,4.0743402248812007e-7,0.10799653188218458
4.924551301,1.260771740906542e-7,1.1368799410959163e-9,0.10140654377519931,7.276069,5.115079021151075e-5,1.3868486520097835e-7,0.09773642762978403
5.0268986,1.058897075993652e-6,1.4061028650410139e-6,0.10020890601717504,7.0622539,2.0955935323090697e-7,4.35873534201247e-6,0.10668601885063451
4.9154689,7.5383417191171766e-6,6.093818214037723e-8,0.10849503457063447,7.424023601,1.8030431536366647e-5,1.7426690349528216e-6,0.11331858400838488
4.901621801,4.07799594252952e-5,7.096637471798657e-7,0.10925681503741032,6.885486601,1.1456145172845906e-5,2.1300810602455713e-8,0.10344473627175935
4.7974007,2.31456492507308e-5,1.6780680302227436e-6,0.09972019985575671,7.276928499,1.0341202366360566e-5,7.817456328857012e-7,0.10216222324020927
4.9153375,0.00014038844528935394,2.2690707193876665e-9,0.0892866408050497,6.9788041,9.22771430337654e-6,2.85010984718466e-7,0.10668601885063451
4.9230126,4.100583953723192e-8,4.4187053913829685e-6,0.11300391340903058,7.130754301,4.6765448580719333e-5,2.086979951936211e-6,0.0989909406613341
4.967518001,8.100903994782438e-7,5.441221883965974e-7,0.1008089058125862,6.9542669,3.005195957056264e-8,4.17675656957861e-6,0.10152396672443424
4.9589973,9.99681914727393e-6,3.7016525054560824e-7,0.09989645231850884,7.142341299,5.606296463571368e-6,7.037107123596844e-9,0.10865478839795963
4.930506899,1.540615094040887e-5,4.474218701339229e-7,0.0982057792207581,7.039267201,5.08819890053618e-5,1.9009049082173486e-7,0.11130781446105976
4.866662601,0.00024941210580596806,2.8927282662813065e-6,0.12037628137637439,7.3854268,6.770544798690756e-6,1.390353117830938e-8,0.10799653188218458
5.0127205,2.7680405764365825e-5,4.699158563887042e-6,0.10332997555996652,7.007585699,9.133224793307031e-6,1.5054926799798713e-6,0.11602761007148502
4.980349499,3.067619193949626e-5,2.668280170622658e-6,0.11618469114928302,7.196024801,1.554849036103305e-5,3.986534832991294e-7,0.11534735355570998
5.0384437,0.00011178319441785815,5.136520800759976e-7,0.09146717637188204,6.883130401,1.054129765644399e-6,1.647311540085762e-6,0.10603376233485948
4.9839511,5.113202085602103e-7,9.08575253453986e-6,0.10539620141652481,7.2607156,4.488627183690511e-5,5.900514154802707e-7,0.11534735355570998
4.9528341,4.529249859356441e-5,1.1942330884401819e-8,0.09103164729284245,7.0293957,7.179625841453809e-5,5.029800715335111e-7,0.09962119717710913
4.8395244,3.394745998040425e-5,1.210103147144555e-6,0.11074117299887613,7.265862201,2.779538571363483e-6,1.7130590440276182e-7,0.10603376233485948
5.138352999,0.00020575862915431318,6.399509504324726e-7,0.08855129019819279,6.71274,2.247554039765578e-8,5.8552179493539564e-8,0.10603376233485948
4.960949899,1.60608474994111e-7,1.96654257571483e-6,0.10849590662036077,7.101875999,2.0620646362240124e-6,8.481316454731773e-8,0.09962119717710913
4.9940904,8.427990134837216e-5,6.796435115320084e-8,0.09285914107993015,6.7925256,6.7591449365431274e-6,5.661220848162346e-7,0.10152396672443424
4.9599798,8.225670293249604e-5,6.887892538015327e-7,0.11591007145711288,7.073628001,3.858676588469596e-5,3.855284833173703e-7,0.11808037961881011
4.9001431,3.7340209030673086e-5,2.2010954819649624e-6,0.09207038523820375,7.0197815,4.732125147315979e-5,1.3017630152016855e-6,0.09586965808245893
4.925944801,2.635755281378022e-5,5.496331175207295e-6,0.10225550050003382,7.2754522,3.3249196580997094e-6,4.3608231756198424e-7,0.10865478839795963
4.9476631,1.0163820729877813e-6,4.395697904785394e-8,0.10649598136773243,6.9257159,5.401394251442598e-5,4.182726319221222e-6,0.09402088853513381
4.9613782,1.1398430037728558e-5,1.8239420970730399e-7,0.09904596384937742,7.1866174,0.000267335510189163,2.647173533891355e-6,0.08446478428273325
5.1038811,1.998285976374928e-6,7.957919834513912e-7,0.09916693921134885,6.8755738,2.312179900617756e-5,7.004197668911803e-6,0.11466909703993494
4.932475,2.22340956222575e-5,2.20337564144789e-6,0.09897403124582535,7.4253059,4.010180032327888e-7,2.9798602849789176e-7,0.09836268414555906
5.0112733,9.531895771510496e-5,8.411628777159115e-9,0.08728023256088215,6.9724402,7.9466569546724e-5,3.278285024038185e-8,0.11602761007148502
5.2213794,0.00013761825254176067,4.2397399926865747e-7,0.09469452350560077,7.235979,6.467202662869591e-7,3.892801098728725e-11,0.10997730142950969
5.031809201,4.0141644852235636e-5,1.9653015994792563e-7,0.10732803368811111,7.0703038,5.607497885736873e-7,4.932031934255555e-9,0.10408899278753438
5.0208119,3.5547083684125375e-5,2.0692522173713343e-7,0.09950411148521059,7.3032948,8.2748940031311e-6,1.4341909260818777e-7,0.10473524930330941
4.942594001,4.921712053966775e-6,6.653722941064689e-7,0.11152109254973125,7.0821147,8.938609601622142e-5,3.5475419561861893e-6,0.12861422735543565
4.932081499,3.079273476750909e-10,4.7979005844870065e-6,0.10929770343309743,7.231562701,5.611166064193751e-5,3.1517915076486763e-6,0.11264632749260983
4.984545901,2.9920460842009736e-6,6.145787896240134e-8,0.09770411053585756,6.906908699,2.7111252513746172e-6,8.538499565716085e-7,0.10408899278753438
4.8814787,2.6666083419041984e-5,6.54116824576333e-9,0.09926383067867223,7.185283599,2.798971278545307e-6,7.327435280046656e-7,0.10473524930330941
