320.244426801
333.9546877
529.559863099
573.8174345
459.620137599
701.2524007
689.916046099
724.5491735
1020.8086182
875.9093132
796.1339399
1086.758597499
978.773514299
838.939088899
1140.3446998
989.6021206
855.219402299
1139.850196501
1001.643189201
868.995860099
1163.0063274
1021.6506932
885.465526801
1171.7555003
1041.425638701
320.038523301
334.932223601
538.9844303
587.4481468
498.500429801
697.5037912
686.483275901
711.3255986
996.453155801
855.6600429
768.296738099
1050.0372349
933.414346899
791.843667
1103.680357399
922.9786741
801.395054601
1109.342762099
912.5899115
786.7040296
1110.7173218
916.938621599
794.367030001
1137.585930999
927.0078204
321.447424901
336.1692153
522.469750099
577.2962724
449.439332
677.959977
665.7299742
692.478134301
1000.7150258
865.103009
769.184181201
1074.3040505
959.938258401
828.0345759
1145.914635101
977.4526565
852.9368752
1148.813668099
986.1741468
853.177976999
1176.7032121
1007.162769199
872.676266601
1170.142130499
1024.242551
320.750433999
317.8973431
522.616278901
567.512659001
448.0947892
681.772101301
678.326681
718.5179895
994.2878015
860.155076001
770.4363829
1063.473629199
944.285399
822.9038279
1105.305704599
974.069573501
834.572310301
1109.995499101
981.117830301
844.2921042
1134.2251205
1005.7389188
873.572077
1149.3845527
1024.0573039
0.10372395752799056
0.10372395752799056
0.10372395752799056
0.10372395752799056
0.10372395752799056
0.10372395752799056
0.10372395752799056
0.10372395752799056
0.10372395752799056
0.10372395752799056
0.10372395752799056
0.10372395752799056
0.10372395752799056
0.10372395752799056
0.10372395752799056
0.10372395752799056
0.10372395752799056
0.10372395752799056
0.10372395752799056
0.10372395752799056
0.10372395752799056
0.10372395752799056
0.10372395752799056
0.10372395752799056
0.10372395752799056
0.10372395752799056
0.10372395752799056
0.10372395752799056
0.10372395752799056
0.10372395752799056
0.10372395752799056
0.10372395752799056
0.10372395752799056
0.10372395752799056
0.10372395752799056
0.10372395752799056
0.10372395752799056
0.10372395752799056
0.10372395752799056
0.10372395752799056
0.10372395752799056
0.10372395752799056
0.10372395752799056
0.10372395752799056
0.10372395752799056
0.10372395752799056
0.10372395752799056
0.10372395752799056
0.10372395752799056
0.10372395752799056
0.10372395752799056
0.10372395752799056
0.10372395752799056
0.10372395752799056
0.10372395752799056
0.10372395752799056
0.10372395752799056
0.10372395752799056
0.10372395752799056
0.10372395752799056
0.10372395752799056
0.10372395752799056
0.10372395752799056
0.10372395752799056
0.10372395752799056
0.10372395752799056
0.10372395752799056
0.10372395752799056
0.10372395752799056
0.10372395752799056
0.10372395752799056
0.10372395752799056
0.10372395752799056
0.10372395752799056
0.10372395752799056
0.10372395752799056
0.10372395752799056
0.10372395752799056
0.10372395752799056
0.10372395752799056
0.10372395752799056
0.10372395752799056
0.10372395752799056
0.10372395752799056
0.10372395752799056
0.10372395752799056
0.10372395752799056
0.10372395752799056
0.10372395752799056
0.10372395752799056
0.10372395752799056
0.10372395752799056
0.10372395752799056
0.10372395752799056
0.10372395752799056
0.10372395752799056
0.10372395752799056
0.10372395752799056
0.10372395752799056
0.10372395752799056
540.974255501
614.6976476
600.9362651
1018.7034795
801.8813295
822.0918112
1007.1341029
1171.344431301
991.956897
1109.583343099
1296.312878099
1066.061968099
1214.220041301
1415.0580285
1103.221578099
1265.6420589
1457.524908899
1101.7804499
1266.570394099
1457.750400099
1141.249671299
1318.1294903
1509.465283699
1136.110640201
1113.7986824
539.1238821
587.658976301
566.8590619
981.7666719
757.124405799
810.138197901
999.2130586
1124.512017301
1020.247867001
1127.8020182
1229.031070099
1114.136146999
1260.6468685
1292.7490736
1196.601574601
1333.101053099
1318.6259707
1233.6281066
1387.5105944
1294.054480699
1326.9478949
1454.468676701
1339.2575971
1341.549518301
1490.9046549
538.174021201
627.0728753
596.1555717
1028.712826101
828.8271657
850.391290399
1042.626097701
1188.3493847
1007.838113899
1139.891132199
1302.1382653
1098.4446189
1212.5117606
1408.231736999
1110.7483576
1261.644051099
1462.602517801
1115.5394638
1279.8739374
1451.229187101
1158.5740961
1327.794853
1543.6450098
1187.0510579
1074.7693553
558.763193601
623.940180101
606.464295099
1033.2468371
821.422092
831.9392995
1017.0805543
1204.0113658
1017.4244097
1132.142520899
1319.481406701
1120.400858501
1223.2331213
1441.372194901
1128.818189799
1283.227117801
1479.256142501
1135.478047999
1284.7070123
1477.815829801
1168.468842399
1323.255190599
1529.6946898
1173.835620299
1091.188433599
0.07781374745763678
0.0716830090930489
0.06718126598214878
0.06824562060611636
0.07957977051735385
0.08634475853230338
0.06987058006258744
0.072493987188909
0.07750308135751521
0.08874454006170504
0.07102122582169615
0.08010012562322291
0.10777260190285451
0.0764840254367614
0.07993284824291719
0.07637141644605734
0.07321779534168739
0.0708175593627096
0.08039857588559016
0.10011801442140211
0.06860336677862164
0.07383546850205516
0.07575314919343207
0.06727693357705071
0.07372453465099921
0.07853732248598717
0.07838047840107555
0.06692530200032765
0.0709273385541209
0.07034420202310979
0.07543629015505561
0.08523188217674794
0.0684309739809363
0.07350975280731015
0.07049210139930773
0.07807124414603102
0.07133127062292079
0.07426124078141585
0.06581953752455832
0.07179228846586941
0.07213005295173143
0.07272691912577428
0.07872483721008718
0.07394480268592524
0.07663084771665628
0.07800578188839381
0.06536725419148008
0.0833685831027776
0.07552339571394234
0.07710853234757216
0.08433697192631294
0.07570246727711391
0.07985192924922435
0.08183991719481482
0.06450765636667502
0.07360766935850928
0.0696265184045988
0.07215778918908743
0.06990329960512047
0.07275020219688651
0.07890024617653267
0.07571831483543338
0.07199126536874956
0.07553544026546247
0.06939322089092399
0.08312563463039871
0.06924581655022398
0.07970859908582013
0.07936098578717636
0.07171092688235471
0.06664788308000612
0.07659089349128163
0.07500375541089672
0.07602359894789071
0.07145088834139027
0.07738407792547054
0.07110756484832635
0.07252283099834317
0.0778498486052793
0.07698908031501171
0.07816811264714031
0.07671680420832479
0.0720196759958616
0.07559757000295854
0.0778777056739453
0.08583799626355484
0.07175760569419631
0.07120493183867388
0.07047763326251646
0.07296480638303803
0.08657853830846139
0.07158046008387128
0.07582036988901031
0.07511639864171
0.07472323186578175
0.08058502807652893
0.06839266921179113
0.06980696034355202
0.06510926846684258
0.06819595423441523
