374.0778712
623.953897899
1535.5501162
2710.5046749
1164.247086701
1921.418460999
1764.9410508
1376.2054728
1213.6289917
1136.617798799
1337.013306801
2233.079797399
846.485737999
1331.364052201
1368.1709081
1555.6398449
979.198684399
1355.889545501
2181.1895645
1109.860915399
945.0312436
1960.518249499
1925.5958716
1061.573181
1224.8723577
374.9765287
621.474049499
1544.493175799
2719.9849852
1164.5725578
1921.476309401
1806.725721
834.475391801
1208.994174
821.952125699
1317.094749399
2366.275781199
2303.601071599
1397.968412
1608.0786377
1585.594894799
986.0240592
1121.710156
2175.155173801
919.076048799
1200.1281474
2040.265593499
1846.4446296
1033.5447206
1046.297160201
374.234952
624.807251499
1527.736383401
2685.0834409
1145.956371001
881.6211645
1757.7579076
1367.5033744
1212.6961294
1135.5853039
1326.1470449
2242.736617
978.289347501
1343.2531024
1390.710133701
1436.9324178
1018.0621358
1405.2047959
1450.531462099
1166.878481701
1008.727058
2019.1012873
1745.0036529
1133.319949001
1137.1533404
374.6052343
620.4558649
1533.185868299
2718.2147231
1159.295678199
1934.2856525
1779.645849399
1388.2885893
1227.1822406
1148.7553329
1341.9152558
2240.217533901
849.6379372
1318.682612699
1361.1672489
1553.0874214
977.5934172
1363.5209066
2191.691595301
1122.3671716
969.5607254
3093.5045528
1939.129284
1069.0562223
1220.639288999
0.12559461977112255
0.12559461977112255
0.12559461977112255
0.12559461977112255
0.12559461977112255
0.12559461977112255
0.12559461977112255
0.12559461977112255
0.12559461977112255
0.12559461977112255
0.12559461977112255
0.12559461977112255
0.12559461977112255
0.12559461977112255
0.12559461977112255
0.12559461977112255
0.12559461977112255
0.12559461977112255
0.12559461977112255
0.12559461977112255
0.12559461977112255
0.12559461977112255
0.12559461977112255
0.12559461977112255
0.12559461977112255
0.12559461977112255
0.12559461977112255
0.12559461977112255
0.12559461977112255
0.12559461977112255
0.12559461977112255
0.12559461977112255
0.12559461977112255
0.12559461977112255
0.12559461977112255
0.12559461977112255
0.12559461977112255
0.12559461977112255
0.12559461977112255
0.12559461977112255
0.12559461977112255
0.12559461977112255
0.12559461977112255
0.12559461977112255
0.12559461977112255
0.12559461977112255
0.12559461977112255
0.12559461977112255
0.12559461977112255
0.12559461977112255
0.12559461977112255
0.12559461977112255
0.12559461977112255
0.12559461977112255
0.12559461977112255
0.12559461977112255
0.12559461977112255
0.12559461977112255
0.12559461977112255
0.12559461977112255
0.12559461977112255
0.12559461977112255
0.12559461977112255
0.12559461977112255
0.12559461977112255
0.12559461977112255
0.12559461977112255
0.12559461977112255
0.12559461977112255
0.12559461977112255
0.12559461977112255
0.12559461977112255
0.12559461977112255
0.12559461977112255
0.12559461977112255
0.12559461977112255
0.12559461977112255
0.12559461977112255
0.12559461977112255
0.12559461977112255
0.12559461977112255
0.12559461977112255
0.12559461977112255
0.12559461977112255
0.12559461977112255
0.12559461977112255
0.12559461977112255
0.12559461977112255
0.12559461977112255
0.12559461977112255
0.12559461977112255
0.12559461977112255
0.12559461977112255
0.12559461977112255
0.12559461977112255
0.12559461977112255
0.12559461977112255
0.12559461977112255
0.12559461977112255
0.12559461977112255
816.512893201
1033.604154099
1287.651986
1387.6930158
1686.9491126
2367.724572299
1775.272233
1567.3714516
2127.4866091
1647.630104099
2625.7502014
3488.985774801
2090.047214
2957.242854999
1597.174955999
2115.7419918
1858.790329901
1850.9343792
4641.305349999
1910.825434499
2720.626036901
1652.7176943
2309.752861401
1479.686117799
2230.5155512
813.814604
1018.666812301
1254.8504586
1357.552491399
1648.480894001
2312.1725122
1751.5632554
2092.1548556
2114.666623899
1921.229007299
2483.752615299
2003.194617601
1992.651074399
2202.3719917
2026.6366476
2072.651798601
1601.7234149
2264.346693
4641.787430301
1801.2422495
1630.0474244
2674.5427828
2229.5442591
1621.881553501
1628.156456601
816.512712701
1046.0681736
1319.9945193
1404.191790901
2726.971917899
2390.5364017
1800.315004799
1580.1558212
2141.765759499
1680.9730746
2632.4130324
3502.2498692
1988.282426199
2960.2466678
2261.4562369
1586.5240612
1833.605105299
3085.4520307
4141.6869098
1859.191177501
2692.357692
2548.7654114
1569.436886699
1588.960027299
1887.3859527
820.2302886
1031.502107099
1282.3139214
1395.0987343
1668.300352701
2352.983465601
1764.0273439
1552.227661801
2115.984263099
1645.143521799
2619.0896415
3487.3826672
2107.1372252
2961.8549307
1598.6379721
2117.465766799
1847.391504
1841.231995301
4627.2156906
1880.503931199
1589.398292501
1644.3254352
2301.963559801
1489.1173567
2219.6468672
0.04922048222160766
0.05247709719972421
0.05588559749142578
0.04963783359371414
0.04908309142004786
0.052281661579259786
0.04846481104323307
0.04871639211053688
0.05415936434754583
0.05224356140151643
0.05292642405483531
0.05502025945917248
0.045760426373276146
0.05490405812967034
0.05722385786990132
0.056405172165555933
0.052458728444707
0.05792784100090064
0.05676960173935987
0.05243662094482676
0.05495948773087275
0.04623358821181741
0.05621270482710186
0.05969934499797783
0.05108564862772969
0.05635875800020617
0.061960608642199634
0.05582317232861714
0.05944419200287496
0.059381419202785064
0.058355529560917704
0.05455500496373133
0.052710073104992226
0.05968265372977965
0.04759753092042365
0.059641942195278394
0.05970635511703786
0.05527680152357253
0.05243236228204481
0.053679310259202806
0.05455062317877558
0.05676098069810055
0.056950484419115724
0.05621277390852079
0.05902174269791213
0.1976992015737878
0.055930378216449875
0.05467149120403835
0.053763192416923344
0.05802344928510233
0.04959918957618224
0.048154937409444105
0.05218623525323449
0.05058834082335639
0.053284726587893835
0.05903969637015377
0.046721256898675595
0.056672878000792314
0.052138789536896754
0.04952732574302053
0.05148200668094087
0.06397745254733976
0.049708660196254965
0.048601811221027115
0.0565145931950804
0.05347743630186808
0.05523359122948161
0.05314539137020605
0.06124559661408007
0.05548543975929083
0.0508507770967346
0.04604202556091428
0.04876210987104803
0.06199823342380328
0.06130264380332366
0.05351186287320094
0.05576004509942739
0.06433672517639297
0.05332387712192276
0.05149213988611199
0.061214634625682704
0.054270489289829936
0.06160067957766691
0.04915173255886222
0.050654219276564195
0.046860007058749854
0.05315452723151094
0.056510726740586284
0.05118215566997027
0.049893517678771704
0.055990254945942675
0.051128111633442046
0.05945481067228083
0.0557420055281579
0.05459788799647074
0.05379751439497113
0.053158001017035855
0.07240695488153481
0.05094790595545968
0.04592080064637038
