1630.203868301
1969.5691535
1297.3515935
1934.308501401
1894.3237031
1276.9809748
3120.238218301
1898.4170358
2263.511707201
1633.3082457
1749.483966
2884.6607082
1164.333372999
3870.9473553
1096.0186401
1916.1179672
2716.7074851
2555.4078018
2472.301715199
1695.5095306
2093.3528163
1659.9059595
1809.7997236
2463.290993001
5784.2071317
1615.0761956
1938.477656201
1292.07588
1452.0369299
2069.5292763
1240.4435449
1841.878877799
1898.2703942
1718.8995321
1770.1877691
2188.7282088
1963.6240133
3441.095961699
2882.413358399
1866.4315035
1309.3081209
3474.983783199
2417.0095209
2147.739876301
1342.0106316
3457.3900188
1701.6555033
1558.044921801
1685.7819537
1332.910716101
1629.1979138
2010.5460825
1277.3068708
1951.6865562
1877.1123316
1270.9801875
3161.7252015
2146.6811021
1894.4545296
1639.7368968
1304.730845901
2841.7465777
1027.722596201
3791.939698899
1105.2773601
2243.3874316
1807.581626
2023.0244791
2439.818778001
3379.046441099
1472.752682901
1805.6264888
1626.9990039
1294.8433522
2812.959551001
1630.5581878
1961.249228801
1282.338085701
1926.832050601
1879.281199401
1261.467753501
3106.9315705
1887.5564719
2258.8094816
1632.5290961
1748.604623699
2887.4938023
1175.1769634
3873.7646331
1108.5828473
1930.1993863
2725.925148
2551.369884899
2455.8482674
1515.0172549
2072.2115376
1649.7706969
1789.6799054
2449.224578
5769.632968301
4.234899240254079
4.234899240254079
4.234899240254079
4.234899240254079
4.234899240254079
4.234899240254079
4.234899240254079
4.234899240254079
4.234899240254079
4.234899240254079
4.234899240254079
4.234899240254079
4.234899240254079
4.234899240254079
4.234899240254079
4.234899240254079
4.234899240254079
4.234899240254079
4.234899240254079
4.234899240254079
4.234899240254079
4.234899240254079
4.234899240254079
4.234899240254079
4.234899240254079
4.234899240254079
4.234899240254079
4.234899240254079
4.234899240254079
4.234899240254079
4.234899240254079
4.234899240254079
4.234899240254079
4.234899240254079
4.234899240254079
4.234899240254079
4.234899240254079
4.234899240254079
4.234899240254079
4.234899240254079
4.234899240254079
4.234899240254079
4.234899240254079
4.234899240254079
4.234899240254079
4.234899240254079
4.234899240254079
4.234899240254079
4.234899240254079
4.234899240254079
4.234899240254079
4.234899240254079
4.234899240254079
4.234899240254079
4.234899240254079
4.234899240254079
4.234899240254079
4.234899240254079
4.234899240254079
4.234899240254079
4.234899240254079
4.234899240254079
4.234899240254079
4.234899240254079
4.234899240254079
4.234899240254079
4.234899240254079
4.234899240254079
4.234899240254079
4.234899240254079
4.234899240254079
4.234899240254079
4.234899240254079
4.234899240254079
4.234899240254079
4.234899240254079
4.234899240254079
4.234899240254079
4.234899240254079
4.234899240254079
4.234899240254079
4.234899240254079
4.234899240254079
4.234899240254079
4.234899240254079
4.234899240254079
4.234899240254079
4.234899240254079
4.234899240254079
4.234899240254079
4.234899240254079
4.234899240254079
4.234899240254079
4.234899240254079
4.234899240254079
4.234899240254079
4.234899240254079
4.234899240254079
4.234899240254079
4.234899240254079
2640.5380988
3740.9775504
2692.5748952
4406.5168236
2599.7263899
2324.9549415
2317.664106101
2594.87316
4074.1118781
2685.477414001
2362.0661611
4101.635025899
3402.103793201
2343.630757601
1999.507856701
3265.6492186
3742.2503249
2576.789332699
1702.212356099
3945.475315399
2248.262906801
2407.8244894
2806.883296799
1881.4682887
1522.5972438
2562.929486501
3739.100077
2630.2983106
4544.5356003
2674.1136242
2254.360355101
3373.1640163
2581.670363601
4166.0706274
2722.1845775
1735.1389212
3142.936267699
1592.227620999
4263.4657084
1708.011976899
3318.4979262
2324.1872679
2943.496935901
2939.4075425
1935.9058204
2610.229735
2409.5238285
2917.011669799
2915.9525679
6328.1712624
2620.8396947
3775.3822185
2724.0189471
4433.443467301
2664.8376684
2359.0273012
2330.416427201
2674.7606205
4165.519589301
3408.8807349
2145.735989699
4235.2591959
3530.0483405
2504.3184222
2531.044371099
4069.8637884
3422.3495122
2732.5695341
1951.6191547
3094.1529149
1920.4230242
2953.7639316
3320.9421278
4815.700438999
1211.4324085
2653.771542801
3759.6919273
2705.494213499
4417.8275381
2619.619363999
2343.5984715
2324.050807
2584.7912328
4075.296153801
2685.173575799
2358.006551001
4088.658892799
3400.582539801
2325.4640724
1981.610757099
3267.0643734
3748.8033822
2599.5578416
1896.243329201
3956.9304203
2260.542167501
2421.1465333
2821.7084891
1900.188993999
1530.5289717
0.189566458362569
0.16614041439058844
0.1705683744226055
0.15830837823646465
0.17586392920207952
0.16146524134700396
0.1689249114946801
0.17303362229428795
0.16074090919889236
0.17037960030289456
0.17752249793352357
0.1645526092248678
0.16459313353558291
0.15077335471157668
0.17692550710346674
0.17028078972502778
0.1821057948806656
0.18150404801921674
0.17571238725393745
0.1679327312036998
0.18375163969331942
0.16670526433149926
0.16694885640956272
0.17736365757666703
0.16061090943118134
0.1629607608551389
0.17881602341498087
0.1817068906957956
0.16446860896770885
0.17467605349636472
0.18775419607944174
0.15919534566751317
0.1674946373406415
0.1798256994756382
0.17065995080571517
0.1655285542631851
0.14597543113049985
0.15791630995956382
0.17362952603765133
0.17172301939275827
0.16847397864392932
0.16501782419382338
0.1639452411835739
0.16979727115563845
0.15636656484331526
0.16885880819191595
0.1722621363355017
0.17448815093725858
0.18302157273135303
0.17474158584231256
0.17533969922748513
0.17990471455817614
0.17331094682720669
0.16342056075666878
0.17284011353176815
0.16588689290449857
0.17464856380820803
0.16382987220013465
0.1784824335225409
0.17074015712597543
0.1700087664993481
0.16185463800137623
0.1515328635152365
0.17380768341794356
0.1567532278589365
0.174434015601015
0.1735999017311659
0.1702635555425466
0.17475681532031198
0.17531981331388205
0.16516940226511237
0.15923313065740607
0.16391972345196829
0.17937116821754484
0.17056438893950457
0.15773355343138873
0.16952642026978673
0.1770635552863961
0.171940313084431
0.15075056307284415
0.16377710309227828
0.17169463720249303
0.174195248209726
0.17119112491341476
0.17021447647016102
0.16774518766457203
0.16332549565176063
0.16851781357832565
0.1706935373675387
0.15867154374361184
0.1551042998917343
0.16865922909877515
0.16653954786897943
0.1719953885211442
0.16728668831653906
0.16376916339405442
0.15590769530237902
0.1544740005138416
0.16659427316843134
0.16348625804562955
