1854.8569228
2111.641403199
3035.7936366
1890.4260616
1314.5756247
1820.271999601
2271.8964543
2436.134057
3676.2898061
1896.0274341
2739.8242098
2479.114050699
2225.7481071
2552.9311166
1072.4885967
1542.746345
2138.6084066
1532.7241027
2092.0348113
809.8818699
1425.149824
1688.9412855
1703.8900473
1693.4950653
797.1660239
1853.260993401
2125.8461704
3038.958234
1973.505426801
1359.4315106
1835.6193181
2274.804485601
2722.8134823
3740.9509466
1661.7155002
2759.7725468
2533.7103144
2226.5041095
2491.5749892
1212.163562201
1701.601607099
2157.1435872
2470.812770901
2097.0909094
2466.4526104
1439.6303116
1695.8583229
2890.7733785
1738.381291501
1401.366979599
1853.5653267
2129.806540299
2579.62166
1881.044028501
1514.2081259
1808.1077171
2281.758359401
2422.0243412
3646.2059231
1939.7017872
2309.508102101
2535.0061341
2376.5603912
2507.466845199
1095.7976969
1637.624632299
1778.987757801
1582.4892989
1615.6490206
1566.0663829
1898.0254606
2030.3636011
1775.8926747
1635.8520783
1063.2977604
1856.1007551
2108.8020269
3028.4257113
1906.4905625
1345.381310199
1801.5941672
2279.0770376
2047.4650954
3714.722114101
1903.4543956
2748.8263157
2520.298564799
2245.617065999
2580.934802399
1069.0353926
1546.854464101
2153.788093101
1561.7162165
2115.5517885
834.1207698
1429.7129785
1705.5923646
1721.1581945
1728.6358839
828.941914699
3.671141564938319
3.671141564938319
3.671141564938319
3.671141564938319
3.671141564938319
3.671141564938319
3.671141564938319
3.671141564938319
3.671141564938319
3.671141564938319
3.671141564938319
3.671141564938319
3.671141564938319
3.671141564938319
3.671141564938319
3.671141564938319
3.671141564938319
3.671141564938319
3.671141564938319
3.671141564938319
3.671141564938319
3.671141564938319
3.671141564938319
3.671141564938319
3.671141564938319
3.671141564938319
3.671141564938319
3.671141564938319
3.671141564938319
3.671141564938319
3.671141564938319
3.671141564938319
3.671141564938319
3.671141564938319
3.671141564938319
3.671141564938319
3.671141564938319
3.671141564938319
3.671141564938319
3.671141564938319
3.671141564938319
3.671141564938319
3.671141564938319
3.671141564938319
3.671141564938319
3.671141564938319
3.671141564938319
3.671141564938319
3.671141564938319
3.671141564938319
3.671141564938319
3.671141564938319
3.671141564938319
3.671141564938319
3.671141564938319
3.671141564938319
3.671141564938319
3.671141564938319
3.671141564938319
3.671141564938319
3.671141564938319
3.671141564938319
3.671141564938319
3.671141564938319
3.671141564938319
3.671141564938319
3.671141564938319
3.671141564938319
3.671141564938319
3.671141564938319
3.671141564938319
3.671141564938319
3.671141564938319
3.671141564938319
3.671141564938319
3.671141564938319
3.671141564938319
3.671141564938319
3.671141564938319
3.671141564938319
3.671141564938319
3.671141564938319
3.671141564938319
3.671141564938319
3.671141564938319
3.671141564938319
3.671141564938319
3.671141564938319
3.671141564938319
3.671141564938319
3.671141564938319
3.671141564938319
3.671141564938319
3.671141564938319
3.671141564938319
3.671141564938319
3.671141564938319
3.671141564938319
3.671141564938319
3.671141564938319
2205.9702031
1567.932398799
2629.1304659
1983.690113399
1861.2709333
2882.4890887
2577.3916695
1735.8093696
1991.1883422
2716.7221191
2120.0224075
2662.2723766
2309.497002
2038.8402313
2435.2281338
2105.9067938
3954.9935325
1756.9032315
3942.3737759
2182.9362073
1936.9668451
2943.2170264
1731.449934501
2298.0595107
1582.124714
2181.8099946
1517.013905301
2569.109315101
1901.9027124
1818.1892417
2832.438412301
1844.1009495
2087.8565622
1963.243528801
2949.593921
2012.6313405
2628.548155701
2273.6881586
2070.1806836
2182.1348694
2055.877757999
2912.848337
1797.2641967
2433.774507001
2075.8449064
1880.966524901
1724.1842006
1688.944851101
1839.941224
1388.5781685
2220.520988201
2021.548972001
2661.741927
1999.862791
1677.3461282
2875.0120009
2584.454625701
1774.079707799
2017.2124434
3185.024559101
2085.107053201
2610.730845999
2189.452981901
2024.4688331
2449.785508999
2510.268583201
3895.7165717
2123.550128
3914.665055301
1520.657306701
1450.402111101
2621.6729716
1678.7183262
2282.0320111
1220.5146174
2206.635171501
1563.633715901
2623.319562499
1951.855092901
1865.2556985
2878.3123577
2558.0177753
2111.3481458
1967.2468454
2706.2227796
2048.6002892
2660.364598601
2302.294206001
2025.0340646
2415.259549099
2093.654601
3937.3458731
1746.9112627
3912.258736701
2166.946000899
1923.6081041
2913.8824816
1702.7228309
2260.972482599
1588.3123509
0.0906641909942017
0.09616891931106929
0.10601086031444101
0.10104729241628191
0.0878117820058559
0.10163641431420516
0.09269620219144778
0.09865829057615821
0.09697929734140534
0.0948891429210686
0.0985115720361227
0.09559893952701756
0.09621083461168521
0.11153419623830318
0.09985936534051822
0.10026098437336689
0.09841712448515039
0.10276805801025954
0.09790471658333734
0.10613964241167086
0.10475287943059111
0.09213335953175755
0.09706375247290923
0.10132621483965493
0.09414243722446305
0.09748414336183596
0.09736541099869378
0.10302833442640025
0.1034717611600869
0.10552827329876541
0.08697729537480889
0.10445727429676424
0.10396016947161311
0.09311259102228839
0.10975176570979107
0.09463268938053754
0.104530961134583
0.09412665493394454
0.09764627597374077
0.09281184044035251
0.09067975715100873
0.09759863568044243
0.09721289008081879
0.10704046164773114
0.1028018291609326
0.1028890449962458
0.12915306271116636
0.10824074147203387
0.0998359664807349
0.09426643817164654
0.10529397652950834
0.09718767866243411
0.10724525124461094
0.10499535794072892
0.10046437607444689
0.09530420250542125
0.10810848889251691
0.08739321785752227
0.1009259001772627
0.0928263954036979
0.09723590627252078
0.09232338074410272
0.0998389956534973
0.10245947107155168
0.1157346370892563
0.10167352360183941
0.10322486173952442
0.10163682963120688
0.09852971353654194
0.09279731333338974
0.10515326844811498
0.09486133655960734
0.10359354748973003
0.10099739282091365
0.0967371347063346
0.1088189681175116
0.09547774446205824
0.10632084983083497
0.11244899080475161
0.11740443026748416
0.10185377447484562
0.08636865670175879
0.0914790044259193
0.0861048836807591
0.0899287236466333
0.11588516206742111
0.11315326204078141
0.1003126669704074
0.10791973522351299
0.09075296965800425
0.10315639943060154
0.08781028103888942
0.11249194757485832
0.10516657690210521
0.11531777087093936
0.08848994553177633
0.10081374152664861
0.10580258142427695
0.09500510054665659
0.09668723226210428
