54.722625965,4.0491787747667965e-6,4.4775758630356916e-7,0.09464289192729634,0.26025777695451885,0.07158651171960019,64.323822753,1.0834056388568287e-5,5.941817855143316e-8,0.11221365377796567,0.2659444415911583,0.0655788011150272
57.805823292,1.4844424277854746e-6,7.219509113723086e-7,0.09492606781488508,0.2719509337330835,0.07259580558198662,67.60198844,3.070762090938113e-6,7.528421697717783e-7,0.10238916183059991,0.27694444159115833,0.06384842499712895
57.823904631,5.809465359072355e-6,1.012283416084683e-8,0.09008500215726024,0.2718288077315111,0.06966184349548302,67.608100554,3.256352191223209e-5,1.7978833771601586e-6,0.11288461990779007,0.2709444415911583,0.06280949366359162
57.657921871,6.735468563222196e-5,9.660248259183175e-6,0.10725910357628955,0.2747839501688548,0.07379918212715153,67.412458733,6.719182230303797e-6,4.761137678529036e-7,0.1069179247393706,0.2729444415911583,0.06686569168526411
57.640189172,6.95443531326966e-6,4.310146685202585e-6,0.10159022595699627,0.2881577499428163,0.07426807240982836,67.541245173,9.249117982205393e-6,3.0620390651929627e-7,0.10496502634989746,0.28294444159115834,0.07172783467556859
56.517924388,6.47431271642707e-5,2.5108504015203143e-5,0.09672675211009528,0.28806376871216405,0.07645682339268138,65.927423712,2.181479300161202e-6,9.11335011599989e-8,0.10367309409024869,0.2619444415911583,0.06556957605546099
55.19034747,5.589839759081242e-5,1.5188872479201336e-7,0.09157903799835855,0.26779907302341804,0.07513942334721763,62.795188574,1.015764078595681e-6,5.413437221080946e-8,0.10303012796042431,0.2573507328112373,0.06420091615721335
54.7303739,2.1191804408511137e-6,8.930938845038183e-8,0.09314438525215477,0.28699920761935155,0.06568891883966463,64.12625016,3.44130965041651e-5,1.2743869366534165e-8,0.11355758603761446,0.28594444159115834,0.0653353140752633
55.293249007,0.00013659798493795056,6.703123022409837e-7,0.10378883523259519,0.2739159317447592,0.0734019250296123,64.56189268,5.052598704562077e-6,3.4501078966871403e-6,0.09858536505165362,0.28294444159115834,0.06700100656268354
54.399944369,1.233578322862553e-6,7.474567208489045e-8,0.08973060797704029,0.28929609601263484,0.07422112147730814,62.64030196,2.2356366575286975e-5,5.268399336635496e-8,0.0954705344025317,0.27035073281123734,0.06393817815363406
56.572395076,3.851672521280966e-5,3.5590713275495574e-7,0.09138465793053964,0.2625355676476278,0.06774381087564149,65.96421479,4.740427514433955e-5,4.180089037732924e-7,0.1115446876481413,0.2709444415911583,0.06663425913129548
55.337815842,0.00016894098487216957,2.8501063027113104e-5,0.11071233743384724,0.2687127213920484,0.07716791143856107,62.833817344,7.4221548309131715e-6,3.6006476380585e-7,0.10303012796042431,0.2768713255724309,0.06534658968340419
54.86687978,1.3235155824681899e-9,4.9982336646920945e-6,0.10048945072261632,0.2680250923426652,0.0701122124933671,64.074242358,4.2375680456529595e-7,3.3247514790116206e-6,0.10496502634989746,0.29694444159115835,0.06560088461957024
55.317415618,4.21424734016535e-6,5.5626636650040504e-6,0.09254623580482972,0.2856999392600426,0.07960576630255752,64.903222288,7.196665128398704e-5,6.661740738940921e-9,0.11763738281656075,0.27594444159115833,0.06653676928580438
54.317701717,5.6647217586672905e-6,1.6027544684124658e-6,0.09780319684023482,0.2641738455119108,0.06692452419645191,62.456933019,1.2632756925738307e-7,1.9448607052396547e-6,0.099214331181478,0.28494444159115834,0.06906279867281047
56.016580378,2.3330608483119872e-6,6.015163047225471e-7,0.09047277074981432,0.2869441833700767,0.07831628623393898,65.356991006,7.728643104136032e-5,8.763519762881778e-9,0.11355758603761446,0.28894444159115834,0.0660234533274792
55.099086427,2.5807105340785666e-6,2.6602838186982317e-7,0.08912928316712264,0.2910557368853716,0.07443364169258572,63.437493817,2.2053117455589626e-6,9.65961769923763e-7,0.099214331181478,0.27894444159115833,0.06541972512931496
54.720703207,0.00016767908223414102,1.833751974580444e-6,0.08469968360689903,0.31001517176016424,0.0714931566557989,64.091903863,3.693400749398598e-5,1.1299599848512352e-6,0.11288461990779007,0.27794444159115833,0.06928959088996128
55.311883772,1.6859689874683708e-5,4.1870292587267966e-6,0.09601525382215371,0.28901092078109863,0.06801249741722974,64.840406038,0.00013278896524549676,6.113565803257225e-6,0.12178917959550706,0.2719444415911583,0.06760857016667039
54.282045529,1.2536600333868691e-5,3.6631046975096375e-7,0.10724542194817306,0.28966341892685893,0.06755393407745061,62.800041569,5.648937858705979e-6,1.3313112490808078e-7,0.10367309409024869,0.2729444415911583,0.06522560547088542
56.034972863,1.881111820988932e-5,1.3993743739311576e-7,0.0904228040661963,0.2601809593251713,0.06800459780289018,65.471506259,3.614788744742354e-5,1.3180360769412075e-6,0.11490951829726322,0.27594444159115833,0.072588252860484
55.112393179,3.6416757294715874e-7,3.281662626576708e-7,0.10734444532123015,0.28791017392921675,0.07775592806756082,62.752871545,6.787473661011067e-5,4.446104645776762e-6,0.08939087310428785,0.27835073281123734,0.06873749942780645
54.798721985,1.305675954438089e-5,1.6026033978685148e-6,0.10030417535883038,0.27764824750850225,0.0729837106421921,64.182812295,1.5756803866879362e-5,5.459792768196781e-6,0.10111322957095115,0.29094444159115834,0.07001755811150547
55.281802772,1.1507475994385412e-5,3.059290297402258e-11,0.09149041299927611,0.25843462188517596,0.06810855646870619,64.819520803,8.233750080785417e-5,1.3215122837191875e-6,0.09423860214288293,0.28135073281123735,0.06509497448852183
54.204333982,8.640831674792013e-6,5.271220311092803e-6,0.09265288588494322,0.2837842794137381,0.07176693465908653,62.980091885,1.450145608100364e-6,2.7806191908119824e-6,0.09795839892182923,0.2668713255724309,0.07214350329600665
56.71024985,6.30008809982391e-7,4.2421473118257726e-8,0.09537944438199372,0.2706332530348568,0.06990800073855923,66.167082506,3.157742775182513e-5,9.250266391231618e-8,0.11221365377796567,0.28494444159115834,0.06739689852530213
55.255265045,1.6402509221988554e-5,1.4501031665074736e-8,0.0941207645070325,0.26660405202554305,0.06888915844235298,62.824961604,8.020500841771379e-6,1.7148534119681003e-7,0.10431806022007307,0.2808713255724309,0.06484097403084993
54.799873547,2.067295790938938e-6,1.4117553766663607e-6,0.09830396851583308,0.27955849859855963,0.07417774970652277,64.145090297,7.083383106721801e-7,8.882234679256765e-9,0.10238916183059991,0.26835073281123734,0.06511665303345857
55.255967045,0.00011819424358465666,1.1516123597719364e-5,0.10327885061615465,0.27561142207532846,0.06984531769142374,64.782496183,9.64769294585124e-5,8.625415153487197e-7,0.12178917959550706,0.28394444159115834,0.07241249683468048
54.282715026,2.8213953165908793e-5,1.2082985460650413e-7,0.0970678457996748,0.28992013588072724,0.07009975874041247,62.896476492,1.2186716052286086e-6,2.680348938620866e-7,0.09795839892182923,0.2739444415911583,0.06406148493140965
55.931582064,1.1359168007059532e-5,1.9804308995804603e-6,0.09328235666270666,0.2925182953560953,0.07063076851654623,65.225469492,1.1764437150012833e-5,1.288040639101688e-6,0.09984529731130239,0.27494444159115833,0.06227455712125379
55.043532623,5.391351773253424e-7,6.504808250003612e-7,0.0933371609695929,0.2728704465460354,0.06887617561829862,62.802435521,2.8993920971714797e-7,1.7240450384606015e-6,0.10954978925866815,0.2629444415911583,0.06868046651485975
54.860684208,3.426419008744443e-5,1.792313000668905e-7,0.11215608994480407,0.2660484994047017,0.07132568174704518,64.269662847,7.108290170262153e-5,5.112664498698157e-7,0.1155884844270876,0.27794444159115833,0.06782524975299777
56.449584508,3.5266907750494e-6,3.660653974596281e-7,0.09355414151755698,0.26110710818444693,0.0726468843213063,67.379006544,4.5267799912666355e-10,2.5973180855817312e-8,0.107572890869195,0.2563507328112373,0.06723143101051961
55.466634448,8.533245644817576e-6,1.8699561235456182e-6,0.0960287625140587,0.264110084924922,0.06672697054107683,63.244060759,7.000497610420326e-5,8.627546673545705e-7,0.08819894084463908,0.25587132557243086,0.06557774985366654
56.502587456,7.031842463601275e-5,4.909128867412345e-7,0.0919916928250899,0.3007088190978908,0.07204339966305356,66.157628838,1.8936786851007413e-6,5.718735266909921e-7,0.10496502634989746,0.2748713255724309,0.06945168359111985
55.084794788,8.241549208508227e-5,8.608871769573787e-6,0.08122266827346308,0.26858862668227085,0.06438238289213828,62.817762568,6.959084533922142e-5,3.141197370661033e-6,0.09608950053235608,0.2798713255724309,0.0665147551274761
54.987516039,1.087958675213324e-5,1.0770562385982455e-6,0.08987507579555767,0.27969049930792667,0.07449872172251713,63.788791723,0.00017833688946106632,1.3703834748280308e-6,0.08235927954639524,0.2738713255724309,0.06742107532777077
55.068391607,0.00016491639821809305,3.2438138171764567e-6,0.08024528905854451,0.2916521508044668,0.0709322120053521,64.506068497,0.0004169072752090374,1.7005859307784373e-6,0.13030877315339967,0.30294444159115835,0.07084321762110359
54.125247253,0.00017680112268090393,1.5550099285329675e-5,0.1123371453069386,0.29941026712459856,0.07373386381743346,62.18067247,4.930325439432077e-5,5.427411633690202e-7,0.09733343279200485,0.30035073281123736,0.06503483596264518
55.932510435,0.00017005650731630886,1.2759718394919476e-7,0.08627822155565326,0.30189315470972766,0.06949909138392298,65.374599376,0.00018647992197584701,6.17586961082986e-6,0.08939087310428785,0.27035073281123734,0.06460753089392651
55.06577038,1.5204378618652944e-5,5.15276323443717e-7,0.09721363703597999,0.28630314454851896,0.07011797144249013,62.856104832,4.342682363060567e-6,2.1461073794735434e-6,0.09858536505165362,0.2709444415911583,0.06737701777824849
55.99654976,2.6353755850779975e-9,9.530307913401279e-8,0.09764300634193764,0.28804824987303956,0.06733741681600394,64.834380528,1.0241503104715888e-6,1.6128657242398814e-6,0.10367309409024869,0.2619444415911583,0.06421039016403386
55.473738267,0.00010682123922585993,2.199307086648894e-6,0.1139063544405046,0.25710567788113414,0.06873671722292296,64.724453685,1.8424548357784263e-6,2.439506597308049e-7,0.10175019570077554,0.2639444415911583,0.06648373292822628
54.227465332,3.8364930952738795e-5,6.786574586923701e-7,0.09781727244647694,0.2610907574570332,0.07252727197704163,62.599684392,2.109677202389917e-6,1.309829248457732e-6,0.09301466988323416,0.2699444415911583,0.06675792710993984
56.441376072,5.8380008535356375e-5,6.237902901259852e-6,0.09827489471023614,0.26823799896968914,0.07294536389633201,67.289343116,3.0095825570661436e-6,4.6034810096724567e-7,0.11087772151831692,0.2738713255724309,0.06656595216238205
55.940439726,4.845995926929945e-8,2.6784948014658367e-6,0.09636418524095952,0.2889781488239589,0.07512984130560067,63.525116894,0.0001860094978621187,4.458321050614087e-6,0.08998983923411225,0.28735073281123735,0.0657584949358678
55.960909726,1.2208541192960523e-5,1.0676556041238548e-7,0.08326200988982299,0.2644339241359417,0.07328512305639241,64.637098498,3.7952582651470886e-5,5.72527029788371e-7,0.09423860214288293,0.26935073281123734,0.06566369586962456
55.443326641,4.543516768797196e-6,4.036835878607381e-7,0.0928702277867157,0.2822301258378483,0.07332606674129694,64.461070902,1.157690384909124e-7,2.5082337697454233e-6,0.10954978925866815,0.27935073281123735,0.06616422199217666
53.987546459,2.2340213607092504e-5,8.378223650720343e-7,0.10347813912433908,0.29280809776363587,0.07081134387557018,61.829177804,1.7725440536320572e-5,7.149078224090728e-8,0.11695241668673637,0.27994444159115833,0.06952868531973785
56.496555451,0.0002198884116483698,9.847831931249799e-8,0.0780281378369978,0.28432610078767506,0.07849640636180155,65.591161786,2.493048676521219e-5,2.4918092211190732e-6,0.09608950053235608,0.26287132557243087,0.06399703097674146
55.083939217,8.648137299174773e-5,1.4099408383274542e-6,0.09625461561281685,0.26499806500293116,0.07230019598274719,62.040743122,1.2064477175246688e-5,1.5244686839437895e-7,0.11288461990779007,0.2589444415911583,0.06616158900942554
54.871303136,9.091148483160447e-6,1.0259571340530804e-7,0.0898685275012398,0.2700829569894154,0.07141715423508734,63.855069228,1.564775695236758e-6,1.0410930320665224e-6,0.10431806022007307,0.27135073281123734,0.06992523273904473
55.198331852,2.1602816032734133e-5,3.8054049696844563e-7,0.10107084800805231,0.25881204881342185,0.06982252858499785,64.814817903,2.3387673215318346e-5,6.604105628170125e-7,0.10888882312884376,0.28094444159115833,0.0683350456545223
54.170062536,3.7417900510245215e-6,4.005040260637905e-6,0.08204508605377463,0.2831898162902175,0.07069093532710406,63.485975463,2.0264142438540852e-6,1.6475404221372498e-6,0.10367309409024869,0.2669444415911583,0.07063834748013649
56.778979733,4.7133453779560884e-6,1.682048564629236e-7,0.10965739335282484,0.26223979028243066,0.06929579450155861,65.820584118,5.893146647492362e-8,2.1855736662725738e-6,0.0954705344025317,0.2659444415911583,0.06718328783101875
55.20880177,3.344629327484611e-6,2.4482374773493892e-6,0.08723859601531857,0.2690101344249924,0.06777635690139451,62.607010368,2.2807244631750418e-5,1.6097062207599897e-7,0.09423860214288293,0.27335073281123734,0.06691266195658631
54.776751706,3.2294061429587105e-7,1.4411022103063833e-6,0.09460725441037046,0.2804831611327632,0.06863098189921303,64.068197777,8.054580210609882e-7,1.3738687984977623e-6,0.10431806022007307,0.27794444159115833,0.06635498351082325
56.045339353,3.633630795899251e-6,2.511080803881244e-7,0.09953429611759433,0.27420554440166767,0.069635785150827,66.181465844,0.00013200900073019438,3.1635589516417965e-7,0.11763738281656075,0.27694444159115833,0.06695819215857655
54.45445826,1.7280484631204112e-5,1.7577093757728172e-5,0.10248618278833348,0.30948451915548064,0.07651619367762004,62.659079354,4.7277375882684947e-7,6.777076857618182e-6,0.09858536505165362,0.2629444415911583,0.061039500231460375
56.011743383,1.0998795592913033e-5,9.292526018211932e-7,0.0882468964748597,0.2724107190774097,0.07176645660848775,65.369729404,5.766392963443862e-6,7.049986901106952e-8,0.10822985699901938,0.2748713255724309,0.0682560381451907
55.095791254,4.12418905017138e-5,8.847918826176929e-8,0.10253561505026748,0.27940828135701207,0.0710698882135457,62.754801438,3.7485333261450745e-6,2.4475411644055525e-7,0.10238916183059991,0.2719444415911583,0.06585589095461743
54.813253719,4.478927890531543e-5,6.154207045164806e-7,0.09141794108756555,0.2775592872908388,0.07644446394273272,64.144728926,1.588153445436757e-5,3.092062153379876e-6,0.09671046666218046,0.27135073281123734,0.06691308154955546
55.268182114,9.736885635139116e-5,4.700834007272809e-6,0.0777069896400875,0.2711401706567105,0.07046417072255685,65.078167618,3.4634683156785493e-7,5.041083824805913e-7,0.10431806022007307,0.2639444415911583,0.06710042981987756
54.049285817,7.220232351526038e-6,5.228905415582188e-6,0.10499779493468747,0.28965451450967483,0.0749092376970918,62.139775805,5.3187692180834863e-5,4.207949494852423e-6,0.08939087310428785,0.28535073281123735,0.06418479305766944
56.384884616,2.4785728730983215e-5,2.7754723835022527e-6,0.11026321380513694,0.27320686213962564,0.07401856774128093,65.86192187,1.4485798791177429e-5,9.983087132487352e-7,0.09608950053235608,0.2718713255724309,0.066346944863595
55.348345883,4.5724379575367476e-7,1.1207405864863778e-7,0.10369575774274405,0.3010242326959424,0.07341392967408852,62.465076647,1.930609151065822e-5,4.415857393445039e-7,0.09240570375340977,0.2668713255724309,0.0659796833806004
54.660986903,7.614982871484506e-6,1.4663246836083618e-6,0.08896605860051231,0.2770363202060829,0.07199924775641466,64.086345881,1.2785908669843786e-5,1.3670055465424767e-9,0.09733343279200485,0.26835073281123734,0.06504894478413492
55.26058582,2.5908482037532133e-6,2.8594190945294745e-6,0.10443592944288212,0.2917903754784087,0.07872250249553006,64.903291982,2.6833527197208847e-5,2.106463154018012e-7,0.10822985699901938,0.2629444415911583,0.06643743981972783
54.279873904,4.27226498224392e-6,4.247622958835682e-7,0.08392529478881716,0.29686731036603975,0.07467009490177534,62.578988175,3.1265394340262877e-5,1.916790853844438e-6,0.11832434894638513,0.2668713255724309,0.06701461039866749
56.610698752,9.677326990530692e-6,1.2139061209751567e-5,0.0951607327422022,0.2944627655618108,0.08018027574094423,66.025114084,4.353479306691658e-6,4.089822331295914e-6,0.09795839892182923,0.2689444415911583,0.06597410180869091
55.288672631,3.606190705301738e-5,2.7868683092232783e-9,0.08989915323312397,0.2740121124600984,0.06963877201180413,62.868586764,6.422253269211197e-5,4.909241693704001e-9,0.08939087310428785,0.2688713255724309,0.06709739164935613
54.775241983,4.083813494476881e-6,1.7798335104756957e-7,0.10007619447530099,0.2743620270859544,0.07035314722535298,64.152471344,2.0978288497663234e-6,1.1847562134690927e-6,0.099214331181478,0.2679444415911583,0.07007354326772396
55.293144333,3.4094924645865885e-5,2.3246951897635513e-6,0.0867880304486011,0.2656172340564775,0.06746603680346445,64.965281329,3.1402102604264404e-6,4.368290188171244e-7,0.10111322957095115,0.26835073281123734,0.06651861204379282
54.230263328,3.0232111347351496e-5,7.687213917543603e-7,0.10283769549354181,0.28274089081632886,0.06964120636243822,62.796030977,4.531444693037041e-5,2.7543170562031237e-6,0.09119377149376101,0.25935073281123733,0.06671528728260057
56.537049937,0.00023857620604515178,6.20570815077077e-8,0.08472133613964644,0.31421732202701336,0.06949966384367703,66.294780059,9.86073795826878e-8,1.4604220187868235e-7,0.10367309409024869,0.29494444159115835,0.06726169773886043
55.245065046,2.1406251102234716e-5,2.1648681108955687e-6,0.09966420105163966,0.27826862491565446,0.0698782059077815,62.780420033,6.958281003713004e-5,4.677174549134802e-6,0.09240570375340977,0.27435073281123734,0.06288611760619375
54.779252408,4.3825618527113125e-8,3.190725857623049e-6,0.08708753936003717,0.25617571744986845,0.07490201868547591,64.112647565,3.340010608299337e-6,3.0792970483213815e-7,0.1069179247393706,0.2728713255724309,0.0639196162271282
55.300970061,6.144566210825348e-6,1.001785467632774e-6,0.09695367521617611,0.2881592287319718,0.07372578112561055,64.85189353,2.5948471846440723e-5,5.317512395637269e-7,0.09671046666218046,0.27635073281123734,0.06716275802818039
54.304986456,0.0001833041750425635,2.943154652487787e-8,0.08323436359167698,0.2933294940998068,0.07224872553897449,62.784659738,2.209852117097547e-8,8.034616435184885e-7,0.10431806022007307,0.2659444415911583,0.06571123257097934
56.550626427,1.5690030662703598e-5,7.724625316979142e-7,0.08039059444616305,0.2694240525737793,0.07052068236997537,66.21771214,2.9380488082818736e-6,1.2352417269020937e-6,0.09858536505165362,0.2729444415911583,0.06490044504846947
55.591371156,5.856252255396106e-6,2.0585706759475505e-6,0.09305023044576335,0.278857376729013,0.06967906293310328,62.796202812,7.904356413546373e-5,8.356943689418849e-7,0.08293424567621963,0.2848713255724309,0.06646785454543368
54.712843033,5.0408484363467916e-5,2.1535959126001635e-6,0.08951141038839955,0.26709577498960824,0.07278404108709145,63.672598141,5.49106434806058e-5,1.4252292445586762e-6,0.08998983923411225,0.2678713255724309,0.0661632129355723
55.292833648,4.503584796720327e-5,3.4697323480771715e-6,0.08991186138848553,0.2855317512015081,0.07175061994072478,64.608251461,0.0001085242512069236,3.0061401454106083e-6,0.10822985699901938,0.2679444415911583,0.06430236418416167
54.639204299,0.0002186682207942293,6.3178304385176044e-6,0.114111169715152,0.3118717452355296,0.07399590500340297,62.647915374,0.00020798043727346404,6.680876237031344e-6,0.08064638115692209,0.2858713255724309,0.06755854524520295
56.617294335,6.659269357532831e-6,5.745911375322157e-7,0.0930213297692282,0.28090095528185655,0.06775560502521417,65.993466245,0.000272831147837456,1.1328389000362974e-5,0.1245970441148046,0.28594444159115834,0.0727960971345777
55.395348779,5.666246024165971e-5,2.3163748860496807e-6,0.07622003388661366,0.27164657924487196,0.06943769716777494,62.678479504,2.4160558612898055e-7,1.183267302517431e-7,0.10367309409024869,0.2709444415911583,0.06730389646293494
54.941623342,1.6135823305512743e-9,6.942807947988735e-7,0.09572796481652625,0.26635228181355075,0.07080236239053601,63.975654334,1.1040890753049723e-5,4.145837793369375e-6,0.10431806022007307,0.2659444415911583,0.06455462351646936
55.384163814,2.1325244896759477e-6,9.785368762949104e-7,0.08685213547654086,0.2887800713052954,0.07529933471491464,64.936600594,9.614282062748873e-5,4.062599634183094e-7,0.09059080536393663,0.27135073281123734,0.0634327014596102
54.354644799,1.3679198013111576e-7,5.879607339520476e-10,0.0844584498408942,0.2688701092066907,0.0688525797986486,62.598859874,1.3059555709172527e-6,5.270260887646444e-7,0.10496502634989746,0.2579444415911583,0.06509101733602132
56.7358214,4.2797536754637e-6,2.0179913264989482e-6,0.08778416348359318,0.2828775426061058,0.07311208409106443,65.978416488,4.7831925145885826e-5,8.16068462179248e-7,0.11288461990779007,0.2719444415911583,0.06615445852170906
55.391883995,1.444938040848268e-5,6.891892812341891e-7,0.09969534014572123,0.2636050768834142,0.06930677256101697,62.93415911,1.3024050646614677e-9,2.2332104522145123e-9,0.10111322957095115,0.26635073281123733,0.06705213469836192
54.929551205,0.00011649182330870822,4.783811560164473e-6,0.10698876511723329,0.27247408146808877,0.06848355990762212,64.072255963,8.835985935696021e-5,5.814108458205846e-7,0.0876059747148147,0.2748713255724309,0.06472909199553094
55.357464923,0.00010549872261358114,1.192951514305631e-6,0.10338179512571112,0.3149700008404143,0.07407464766404716,64.954120252,0.00010778748384079607,5.156438372019202e-7,0.11901331507620952,0.28694444159115834,0.06765901478827586
54.319702276,8.708341534747168e-6,2.5855188956935614e-7,0.08508132814103865,0.2615952419924141,0.06786155960616072,62.590968091,0.00014748917666906894,1.6980954102397116e-6,0.08583907632534155,0.27135073281123734,0.06650311382527282
56.812658887,1.380284003748158e-8,1.0458231320974535e-6,0.10265254516484006,0.26592157717752846,0.06917384237586302,66.042027286,2.0328900426027328e-5,1.5884095070959008e-6,0.11288461990779007,0.2649444415911583,0.06958035121673087
55.409442619,1.7563544123262795e-7,2.15354107839604e-8,0.10042265639831824,0.2694872677004088,0.07198860753658834,62.709962018,8.823616319127503e-5,2.160972555720195e-6,0.10822985699901938,0.27994444159115833,0.06986972669758279
54.823142386,7.419300819217445e-5,1.0656446579162991e-8,0.09979398310430307,0.3092543763977645,0.0760340859277134,64.161175296,1.0656680293357941e-5,1.139054190151411e-8,0.10496502634989746,0.2629444415911583,0.06742330293268431
55.330481937,1.4268604970914841e-5,4.371072801932197e-6,0.0986473486501132,0.29688356983396363,0.07910307808239575,64.972870508,1.5192048563552845e-5,5.5889163474446585e-6,0.10431806022007307,0.26635073281123733,0.07233482347234993
54.47062552,3.5218578716537856e-6,9.983974051517687e-9,0.10298173751295486,0.2685970405553787,0.07207956255519252,62.579015692,2.2886434640594356e-6,7.124933670507721e-7,0.09984529731130239,0.2748713255724309,0.068581496990789
